[期货]国内期货主力合约动态播报(2月1日10:30)
金属
品种
价格
升/跌
百分比%
即日最高
即日最低
持仓
仓差
沪铜1005
53580
-2590
-4.61
55280
53360
229704
-4672
沪铝1005
16070
-115
-0.71
16330
15935
112988
4642
沪锌1005
17320
-670
-3.72
17830
17180
206284
17658
沪黄金1006
239.73
-0.26
-0.11
240.8
239.41
64330
-616
螺纹1005
4289
-9
-0.21
4334
4276
896706
26542
线材1005
4089
-8
-0.2
4129
4075
11658
34








能源化工
品种
价格
升/跌
百分比%
即日最高
即日最低
持仓
仓差
沪胶1005
22455
-740
-3.19
23245
22250
185230
12770
沪燃油1005
4411
-109
-2.41
4496
4380
148902
6104
连塑料1005
11300
-130
-1.14
11495
11245
79222
8692
郑PTA1005
7896
-112
-1.4
8056
7868
137846
10264
连PVC1005
7295
-70
-0.95
7385
7275
49452
50








农产品
品种
价格
升/跌
百分比%
即日最高
即日最低
持仓
仓差
连豆一1009
3799
-69
-1.78
3849
3796
275068
10438
连玉米1009
1848
-2
-0.11
1854
1845
187472
-13040
连豆粕1009
2734
-69
-2.43
2780
2722
1137962
32606
连豆油1009
7230
-98
-1.36
7304
7202
748138
16704
连棕榈1009
6614
-100
-1.49
6682
6568
294654
-9938
郑菜油1009
7840
-100
-1.26
7920
7832
64556
-466
郑硬麦1005
1858
-7
-0.38
1868
1858
234
0
郑强麦1009
2245
-3
-0.13
2248
2242
26490
-502
郑糖1009
5428
33
0.61
5486
5411
607240
44710
郑棉一1009
15935
35
0.22
16020
15870
128540
12
郑籼稻1005
2039
-10
-0.49
2049
2035
58812
-1848

