[期货]国内期货主力合约动态播报(7月14日11:00)
金属







品种
价格
升/跌
百分比%
即日最高
即日最低
持仓
仓差
沪铜0910
39390
10
0.03
39750
39280
244550
4162
沪铝0910
13325
-25
-0.19
13350
13300
73234
-1966
沪锌0910
12815
-90
-0.7
12900
12735
165268
-15410
沪黄金0912
201.87
1.3
0.63
202.15
201.62
40246
-898
螺纹0910
3924
3
0.08
3937
3921
244216
14608
线材0909
3819
4
0.1
3840
3815
24950
158








能源化工







品种
价格
升/跌
百分比%
即日最高
即日最低
持仓
仓差
沪胶0911
15320
-50
0.33
15480
15305
135272
5114
沪燃油0910
3686
-12
-0.35
3694
3682
95495
-2394
连塑料0909
10065
-110
-1.08
10135
10055
86930
3718
郑PTA0909
7240
62
0.86
7262
7216
178286
6942
连PVC0909
6850
-25
-0.36
6870
6845
36894
-14
农产品







品种
价格
升/跌
百分比%
即日最高
即日最低
持仓
仓差
连豆一1005
3476
-11
-0.32
3484
3465
173380
1452
连玉米1001
1625
-2
-0.12
1627
1622
252548
-1398
连豆粕1001
2784
-31
-1.01
2803
2779
609270
38254
连豆油1001
6968
20
0.29
6992
6930
429242
11678
连棕榈1001
5596
28
0.5
5622
5550
289208
15808
郑菜油1001
7370
36
0.49
7392
7340
89438
-76
郑硬麦1001
1880
-15
-0.79
1898
1880
1512
0
郑强麦1001
2140
1
0.05
2144
2138
70930
590
郑糖1001
4169
2
0.05
4174
4174
338622
-4410
郑棉一0909
13655
50
0.37
13695
13615
27034
1224
郑籼稻0909
2052
1
0.05
2055
2046
16044
380

