[期货]国内期货主力合约动态播报(7月14日14:00)
金属







品种
价格
升/跌
百分比%
即日最高
即日最低
持仓
仓差
沪铜0910
39730
350
0.89
39780
39260
248868
9322
沪铝0910
13335
-15
-0.11
13350
13300
74488
-712
沪锌0910
12910
5
0.04
12935
12735
161626
-19152
沪黄金0912
202.3
1.73
0.86
202.35
201.62
40032
-1112
螺纹0910
3920
-1
-0.03
3937
3916
242105
12500
线材0909
3821
6
0.16
3840
3815
24128
-664








能源化工







品种
价格
升/跌
百分比%
即日最高
即日最低
持仓
仓差
沪胶0911
15385
20
0.1
15480
15305
136692
6596
沪燃油0910
3702
4
0.1
3708
3682
93060
-4840
连塑料0909
10175
-5
-0.05
10190
10055
87508
4296
郑PTA0909
7282
104
1.45
7288
7216
184688
13344
连PVC0909
6865
-10
-0.15
6870
6840
37326
418
农产品







品种
价格
升/跌
百分比%
即日最高
即日最低
持仓
仓差
连豆一1005
3474
-13
-0.37
3484
3465
172716
786
连玉米1001
1626
-1
-0.06
1627
1622
252078
-1862
连豆粕1001
2789
-26
-0.92
2803
2779
605920
35716
连豆油1001
6974
26
0.37
6992
6930
428640
11076
连棕榈1001
5606
36
0.68
5622
5550
291510
17510
郑菜油1001
7356
22
0.3
7392
7340
89334
-180
郑硬麦1001
1880
-15
-0.79
1898
1880
1512
0
郑强麦1001
2139
0
0
2144
2138
70460
120
郑糖1001
4149
-18
-0.43
4174
4141
337964
-5108
郑棉一0909
13695
90
0.66
13730
13615
27136
1326
郑籼稻0909
2053
2
0.1
2055
2046
16142
478

