[期货]国内期货主力合约动态播报(7月14日10:00)
金属







品种
价格
升/跌
百分比%
即日最高
即日最低
持仓
仓差
沪铜0910
39620
240
0.61
39720
39280
245314
5920
沪铝0910
13330
-20
-0.15
13345
13300
73558
-1642
沪锌0910
12825
-80
-0.62
12855
12735
172664
-8044
沪黄金0912
201.81
1.24
0.62
201.96
201.62
40362
-782
螺纹0910
3932
11
0.28
3937
3922
242094
12486
线材0909
3823
8
0.21
3840
3815
24998
206








能源化工







品种
价格
升/跌
百分比%
即日最高
即日最低
持仓
仓差
沪胶0911
15430
65
0.42
15445
15350
137250
7226
沪燃油0910
3692
-6
-0.16
3694
3682
95804
-2088
连塑料0909
10120
-60
-0.59
10135
10065
83192
-20
郑PTA0909
7242
64
0.89
7262
7216
176150
4806
连PVC0909
6865
-10
-0.15
6870
6845
38082
1174
农产品







品种
价格
升/跌
百分比%
即日最高
即日最低
持仓
仓差
连豆一1005
3481
-6
-0.14
3483
3465
173484
1556
连玉米1001
1624
-3
-0.18
1627
1622
253692
-254
连豆粕1001
2794
-21
-0.75
2803
2779
596272
26054
连豆油1001
6980
32
0.46
6992
6930
431696
14132
连棕榈1001
5598
32
0.57
5606
5550
286764
12860
郑菜油1001
7384
50
0.68
7392
7340
89472
-42
郑硬麦1001
2140
1
0.05
2144
2138
70790
450
郑强麦1001
1880
-15
-0.79
1898
1880
1512
0
郑糖1001
4165
-2
-0.1
2052
2046
15828
164
郑棉一0909
13685
80
0.59
13695
13615
26972
1162
郑籼稻0909
2049
-2
0.1
2052
2046
15826
162

