独家：华彩网中国双色球百万工作室07116期推荐 
基本12码:02 06 07 09 10 15 17 19 20 22 27 28 + 01 04 08 09 
精髓8码: 07 09 10 15 17 20 27 28 
独家：华彩网中国双色球京彩工作室07116期推荐
基本12码: 02 06 07 14 15 17 19 25 27 28 29 30 + 10 11 14 15
精髓8码: 02 07 14 15 17 25 27 28
独家：华彩网中国双色球金罗盘工作室07116期推荐
基本12码: 05 06 09 10 21 24 25 26 27 30 31 33+ 12 13 14 16
精髓8码: 05 09 10 21 24 25 26 30
独家：华彩网中国双色球后庄工作室07116期推荐
基本12码:03 05 07 09 10 11 14 18 20 27 30 32 + 04 07 08 09
精髓8码：05 10 11 14 18 27 30 32 
独家：07116期华彩网齐鲁赢盘工作室推荐
基本12码:07 08 09 13 14 17 18 20 25 28 30 31 + 05 06 07 10
精髓8码: 07 08 14 17 20 25 30 31
独家：07116期华彩网波特.雷恩工作室推荐
基本12码:07 08 11 14 15 17 19 28 29 30 31 32 + 11 12 13 15
精髓8码：08 11 14 15 19 28 29 31
独家：07116期华彩网赢家研究所推荐
基本12码:01 07 09 12 13 14 19 21 22 27 29 30+ 04 09 11 12
精髓8码: 07 09 12 13 19 21 22 27
独家：07116华彩网彩通工作室推荐
基本12码:09 11 14 18 19 20 21 24 25 27 30 33 + 03 07 09 15
精髓8码: 11 14 18 20 21 25 27 30
华彩网(www.smswriter.com)特供稿件


